physics
04040404040404040101010000050006
07070707070101010101010100000000
07070707070101010101010100000000
07070707070101010001010000000000
02020202020101010100000000000000
02020202020000000000000000000000
02020202020000000000000000000000
00000000000000000000000000000000
00000000000000000000000000000000
00000000000000000000000000000000
03030303030303030000000000000000
03030303030303030303030300000000
00000000000000000000000000000000
00000000000000000000000000000000
00000000000000000000000000000000
00000000000000000000000000000000

family
01010101010101010000040000000000
02020202020404040404040400000000
02020202020404040404040400000000
02020202020404040404040000000000
03030303030404040400000000000000
03030303030000000000000000000000
03030303030000000000000000000000
00000000000000000000000000000000
00000000000000000000000000000000
00000000000000000000000000000000
00000000000000000000000000000000
00000000000000000000000000000000
00000000000000000000000000000000
00000000000000000000000000000000
00000000000000000000000000000000
00000000000000000000000000000000

neighbors
00000000000000000000d00000000000
0b1f16fefb0b1f16fff8f80000000000
6bffd6df7f6bffd6fff8f8f800000000
68f8d0000068f8d0f8f8f80000000000
0b1f16fefbffffffff00000000000000
6bffd6df7f0000000000000000000000
68f8d000000000000000000000000000
00000000000000000000000000000000
00000000000000000000000000000000
00000000000000000000000000000000
00000000000000000000000000000000
00000000000000000000000000000000
00000000000000000000000000000000
00000000000000000000000000000000
00000000000000000000000000000000
00000000000000000000000000000000

weight
0080c0e0f0f8fcfe0000ff0000000000
0000000000000000ffffff0000000000
0000000000000000ffffffff00000000
0000000000000000ffffff0000000000
0000000000ffffffff00000000000000
00000000000000000000000000000000
00000000000000000000000000000000
00000000000000000000000000000000
00000000000000000000000000000000
00000000000000000000000000000000
00000000000000000000000000000000
00000000000000000000000000000000
00000000000000000000000000000000
00000000000000000000000000000000
00000000000000000000000000000000
00000000000000000000000000000000

item
00000000000000000000000000000000
00000000000000000000000000000000
00000000000000000000000000000000
00000000000000000000000000000000
00000000000000000000000000000000
00000000000000000000000000000000
00000000000000000000000000000000
00000000000000000000000000000000
00000000000000000000000000000000
00000000000000000000000000000000
010204060708090a0000000000000000
20212223242540414243444500000000
00000000000000000000000000000000
00000000000000000000000000000000
00000000000000000000000000000000
00000000000000000000000000000000

